[230, 241, 198, 184, 234, 236, 128, 213]
[243, 285, 152, 258, 108, 219, 207, 192]
[259, 144, 154, 257, 255, 271, 193, 131]
[234, 115, 158, 262, 162, 263, 326, 144]
[154, 214, 174, 132, 320, 144, 247, 279]
[210, 227, 304, 197, 155, 155, 264, 152]
[229, 162, 233, 63, 250, 192, 353, 182]
[350, 237, 170, 222, 219, 199, 183, 84]
[318, 385, 148, 60, 111, 357, 187, 98]
[284, 104, 291, 135, 228, 277, 230, 115]
[169, 328, 199, 301, 205, 174, 73, 215]
[219, 184, 369, 8, 205, 320, 251, 108]
[322, 220, 205, 191, 255, 246, 196, 29]
[190, 201, 149, 170, 259, 264, 192, 239]
[217, 241, 76, 330, 137, 235, 237, 191]
[194, 162, 195, 79, 298, 146, 244, 346]
[231, 180, 150, 117, 194, 175, 206, 411]
[279, 248, 267, 114, 211, 202, 193, 150]
[130, 211, 248, 214, 248, 204, 197, 212]
[154, 138, 212, 205, 244, 270, 204, 237]
[144, 260, 243, 177, 160, 285, 185, 210]
[272, 161, 195, 130, 372, 136, 301, 97]
[100, 313, 188, 303, 167, 198, 206, 189]
[277, 140, 332, 164, 109, 172, 219, 251]
[263, 170, 328, 109, 313, 151, 163, 167]
[171, 239, 154, 272, 209, 240, 236, 143]
[144, 300, 274, 149, 172, 238, 164, 223]
[211, 155, 185, 167, 281, 173, 326, 166]
[184, 231, 171, 166, 229, 260, 201, 222]
[223, 261, 228, 109, 254, 195, 196, 198]
[163, 250, 251, 288, 170, 177, 180, 185]
[219, 264, 160, 270, 166, 203, 303, 79]
[230, 241, 198, 184, 234, 232, 128, 217]
[237, 281, 156, 258, 112, 220, 207, 193]
[255, 144, 154, 257, 259, 271, 193, 131]
[238, 111, 158, 266, 162, 263, 326, 140]
[150, 214, 174, 132, 320, 152, 247, 275]
[210, 231, 304, 197, 155, 159, 260, 148]
[229, 162, 233, 63, 250, 192, 353, 182]
[346, 241, 170, 222, 219, 199, 183, 84]
[318, 393, 148, 56, 105, 357, 187, 100]
[280, 104, 292, 139, 232, 272, 230, 115]
[169, 328, 199, 301, 205, 174, 73, 215]
[219, 182, 369, 8, 205, 324, 251, 106]
[326, 220, 205, 191, 255, 246, 192, 29]
[190, 200, 149, 170, 259, 265, 191, 240]
[217, 241, 76, 330, 137, 235, 237, 191]
[197, 162, 195, 79, 295, 146, 240, 350]
[233, 182, 150, 117, 194, 175, 202, 411]
[279, 248, 267, 114, 211, 202, 193, 150]
[130, 211, 248, 214, 248, 204, 197, 212]
[150, 142, 212, 205, 244, 270, 204, 237]
[144, 260, 243, 181, 160, 285, 185, 206]
[276, 160, 195, 130, 369, 132, 305, 97]
[104, 313, 188, 303, 166, 198, 207, 185]
[281, 140, 332, 160, 109, 172, 219, 251]
[259, 170, 328, 109, 313, 152, 162, 171]
[175, 239, 150, 272, 209, 240, 236, 143]
[140, 304, 274, 149, 172, 238, 164, 223]
[211, 155, 185, 167, 281, 173, 326, 166]
[184, 231, 167, 166, 229, 264, 201, 222]
[223, 261, 228, 109, 254, 195, 192, 202]
[167, 250, 251, 284, 170, 177, 179, 186]
[219, 264, 160, 274, 166, 199, 303, 79]
[230, 241, 198, 184, 234, 236, 128, 213]
[241, 281, 152, 262, 108, 220, 211, 189]
[255, 144, 158, 257, 255, 267, 197, 131]
[234, 111, 162, 262, 166, 259, 330, 140]
[150, 214, 174, 132, 320, 152, 247, 275]
[210, 235, 304, 197, 159, 155, 260, 144]
[233, 162, 241, 63, 246, 192, 345, 182]
[351, 244, 166, 222, 215, 199, 183, 84]
[318, 389, 148, 56, 105, 357, 191, 100]
[280, 104, 291, 135, 232, 277, 230, 115]
[169, 328, 199, 301, 205, 174, 73, 215]
[219, 182, 369, 8, 205, 324, 251, 106]
[322, 220, 205, 191, 255, 250, 192, 29]
[190, 197, 149, 170, 259, 266, 190, 243]
[217, 241, 76, 330, 137, 235, 237, 191]
[194, 162, 195, 79, 298, 150, 240, 346]
[229, 186, 150, 117, 194, 175, 202, 411]
[279, 248, 267, 114, 211, 202, 193, 150]
[130, 211, 248, 214, 248, 204, 197, 212]
[154, 138, 212, 205, 244, 270, 204, 237]
[144, 260, 243, 177, 160, 285, 185, 210]
[276, 165, 195, 130, 368, 132, 301, 97]
[100, 317, 184, 303, 166, 198, 209, 187]
[281, 140, 332, 160, 109, 172, 219, 251]
[259, 170, 324, 113, 313, 151, 167, 167]
[171, 239, 150, 276, 209, 240, 236, 143]
[140, 304, 274, 149, 176, 238, 164, 219]
[211, 155, 185, 169, 281, 173, 326, 164]
[184, 227, 167, 166, 229, 264, 201, 226]
[223, 261, 232, 109, 254, 191, 196, 198]
[167, 250, 254, 284, 170, 177, 180, 182]
[219, 264, 156, 274, 170, 199, 303, 79]
[230, 241, 198, 184, 234, 232, 128, 217]
[237, 289, 152, 262, 108, 220, 207, 189]
[255, 140, 154, 257, 259, 271, 193, 135]
[238, 111, 162, 262, 162, 259, 326, 144]
[150, 222, 174, 132, 316, 144, 251, 275]
[206, 227, 304, 197, 159, 159, 268, 144]
[229, 162, 233, 67, 246, 196, 349, 182]
[350, 237, 166, 222, 215, 199, 183, 92]
[318, 385, 152, 56, 109, 357, 183, 104]
[278, 104, 295, 137, 228, 277, 230, 115]
[169, 328, 199, 301, 205, 174, 73, 215]
[219, 182, 369, 8, 205, 324, 251, 106]
[326, 220, 205, 191, 255, 246, 192, 29]
[190, 197, 149, 170, 259, 265, 195, 239]
[217, 241, 76, 330, 137, 235, 237, 191]
[194, 162, 203, 79, 290, 150, 240, 346]
[233, 182, 150, 117, 194, 175, 202, 411]
[279, 248, 267, 114, 211, 202, 193, 150]
[130, 211, 248, 214, 248, 204, 197, 212]
[150, 142, 212, 205, 244, 274, 204, 233]
[144, 264, 239, 177, 164, 285, 185, 206]
[280, 161, 195, 130, 368, 132, 301, 97]
[100, 317, 188, 303, 163, 198, 210, 185]
[281, 140, 332, 160, 109, 172, 219, 251]
[259, 170, 325, 113, 313, 154, 163, 167]
[171, 242, 150, 276, 209, 240, 233, 143]
[140, 304, 274, 149, 172, 238, 168, 219]
[211, 155, 185, 167, 285, 173, 326, 162]
[186, 229, 167, 166, 233, 264, 201, 218]
[223, 261, 230, 109, 254, 193, 193, 201]
[167, 250, 254, 284, 170, 177, 177, 185]
[219, 264, 160, 274, 166, 199, 303, 79]
[172, 208, 104, 160, 128, 192, 64, 220]
[144, 209, 113, 226, 136, 148, 164, 108]
[191, 157, 105, 88, 197, 194, 136, 180]
[141, 120, 120, 170, 250, 190, 160, 97]
[118, 202, 129, 94, 247, 125, 192, 141]
[160, 128, 124, 189, 182, 104, 196, 165]
[131, 104, 259, 127, 96, 166, 205, 160]
[171, 154, 239, 77, 217, 89, 222, 79]
[299, 152, 122, 91, 248, 211, 49, 76]
[115, 112, 285, 96, 104, 334, 146, 56]
[148, 263, 96, 262, 161, 206, 32, 80]
[185, 121, 181, 8, 143, 282, 177, 151]
[166, 82, 235, 113, 220, 160, 249, 23]
[86, 116, 96, 102, 194, 238, 236, 180]
[145, 153, 80, 228, 108, 179, 222, 133]
[73, 83, 172, 41, 175, 255, 231, 218]
[154, 185, 140, 75, 146, 111, 144, 293]
[202, 199, 252, 72, 205, 99, 131, 88]
[117, 145, 178, 179, 107, 195, 180, 147]
[135, 75, 145, 153, 180, 205, 157, 198]
[148, 184, 145, 86, 212, 191, 97, 185]
[102, 167, 87, 193, 185, 112, 230, 172]
[70, 214, 78, 178, 184, 203, 136, 185]
[145, 205, 132, 71, 142, 152, 178, 223]
[243, 114, 242, 149, 106, 99, 169, 126]
[218, 164, 80, 245, 153, 204, 111, 73]
[117, 197, 170, 110, 200, 139, 137, 178]
[176, 90, 175, 204, 159, 112, 200, 132]
[68, 211, 117, 126, 187, 175, 198, 166]
[180, 130, 169, 186, 215, 90, 138, 140]
[133, 218, 189, 240, 163, 62, 127, 116]
[188, 146, 91, 216, 171, 128, 264, 44]
[172, 200, 108, 156, 120, 196, 64, 216]
[144, 205, 105, 238, 136, 132, 172, 100]
[179, 153, 105, 88, 189, 194, 140, 184]
[138, 120, 132, 166, 245, 186, 156, 89]
[117, 204, 125, 97, 247, 125, 184, 133]
[160, 128, 119, 173, 187, 108, 193, 164]
[130, 104, 263, 126, 93, 154, 194, 168]
[155, 145, 248, 77, 217, 89, 222, 79]
[310, 148, 118, 75, 253, 211, 49, 68]
[122, 112, 274, 100, 92, 333, 147, 52]
[144, 255, 96, 254, 167, 205, 28, 83]
[185, 133, 169, 8, 140, 263, 179, 155]
[169, 78, 221, 112, 217, 163, 249, 23]
[93, 110, 90, 102, 194, 233, 224, 186]
[151, 160, 75, 223, 108, 179, 208, 128]
[77, 75, 171, 45, 166, 250, 238, 210]
[148, 195, 142, 75, 143, 111, 137, 281]
[206, 206, 232, 75, 205, 109, 131, 68]
[117, 146, 184, 178, 110, 181, 181, 135]
[128, 70, 146, 153, 188, 201, 160, 186]
[157, 175, 142, 71, 216, 181, 97, 193]
[91, 154, 92, 194, 172, 110, 239, 180]
[73, 205, 62, 180, 173, 206, 143, 190]
[138, 204, 128, 60, 143, 161, 171, 227]
[235, 108, 236, 143, 96, 99, 179, 136]
[216, 166, 59, 260, 160, 203, 99, 69]
[116, 183, 163, 111, 200, 152, 141, 166]
[187, 84, 175, 206, 156, 115, 191, 118]
[72, 219, 121, 126, 186, 156, 198, 154]
[167, 124, 173, 193, 216, 87, 138, 134]
[136, 226, 195, 225, 159, 54, 127, 110]
[192, 125, 92, 229, 170, 112, 264, 48]
[172, 196, 108, 156, 120, 196, 64, 212]
[144, 201, 109, 230, 136, 136, 168, 100]
[179, 149, 105, 88, 193, 194, 132, 184]
[126, 120, 124, 170, 245, 190, 148, 101]
[117, 204, 125, 93, 251, 125, 180, 129]
[156, 140, 123, 169, 175, 104, 193, 164]
[126, 104, 255, 118, 105, 166, 194, 156]
[163, 149, 244, 73, 205, 93, 218, 79]
[302, 160, 118, 75, 249, 207, 49, 64]
[113, 112, 282, 96, 88, 322, 155, 56]
[144, 251, 96, 250, 163, 209, 28, 83]
[185, 129, 169, 8, 140, 267, 175, 151]
[165, 78, 225, 112, 210, 162, 249, 23]
[90, 102, 92, 102, 194, 236, 228, 180]
[147, 156, 79, 219, 108, 179, 208, 128]
[69, 70, 175, 41, 171, 250, 242, 206]
[149, 186, 139, 75, 143, 115, 136, 281]
[198, 206, 233, 75, 209, 100, 135, 68]
[117, 146, 180, 178, 109, 181, 181, 132]
[128, 70, 142, 149, 184, 205, 156, 190]
[149, 178, 142, 63, 220, 185, 101, 186]
[87, 158, 92, 206, 172, 110, 227, 172]
[73, 205, 62, 176, 173, 198, 139, 198]
[133, 201, 128, 60, 152, 150, 171, 229]
[235, 108, 240, 141, 100, 95, 169, 136]
[216, 162, 59, 256, 156, 203, 100, 72]
[116, 187, 167, 107, 200, 140, 137, 170]
[184, 84, 179, 198, 160, 111, 194, 114]
[68, 215, 123, 122, 186, 160, 196, 154]
[167, 128, 174, 186, 216, 86, 138, 129]
[137, 225, 192, 224, 159, 54, 130, 103]
[192, 121, 84, 229, 174, 112, 268, 44]
[168, 196, 104, 156, 120, 196, 64, 212]
[145, 205, 104, 223, 136, 140, 164, 99]
[178, 145, 106, 88, 189, 194, 136, 180]
[136, 116, 124, 175, 237, 186, 152, 90]
[118, 208, 125, 93, 243, 120, 180, 129]
[156, 140, 115, 164, 183, 104, 189, 165]
[123, 112, 255, 119, 96, 158, 193, 160]
[151, 142, 241, 73, 220, 85, 225, 79]
[290, 152, 117, 76, 245, 207, 49, 80]
[114, 113, 278, 103, 88, 321, 147, 52]
[144, 247, 99, 246, 159, 214, 28, 79]
[177, 124, 165, 8, 140, 266, 179, 157]
[170, 78, 219, 116, 210, 159, 241, 23]
[87, 101, 95, 100, 193, 235, 223, 182]
[145, 157, 78, 219, 109, 170, 214, 124]
[73, 67, 180, 41, 171, 247, 231, 206]
[145, 186, 143, 73, 145, 111, 140, 273]
[196, 206, 231, 73, 210, 95, 131, 74]
[112, 141, 176, 185, 103, 182, 185, 132]
[134, 71, 141, 149, 176, 202, 151, 192]
[152, 167, 143, 62, 224, 178, 105, 185]
[87, 155, 94, 197, 173, 111, 226, 173]
[70, 200, 62, 178, 173, 201, 138, 194]
[135, 200, 128, 59, 144, 162, 166, 222]
[231, 112, 222, 151, 98, 98, 170, 134]
[222, 149, 64, 245, 155, 207, 96, 78]
[122, 184, 161, 103, 204, 136, 139, 167]
[176, 85, 179, 206, 157, 113, 181, 119]
[67, 209, 118, 122, 185, 154, 200, 161]
[168, 121, 169, 189, 220, 90, 134, 125]
[135, 224, 189, 220, 164, 54, 127, 103]
[192, 122, 88, 219, 171, 112, 272, 40]
[152, 116, 159, 119, 143, 180, 70, 189]
[100, 128, 143, 150, 180, 192, 112, 123]
[149, 124, 138, 94, 226, 151, 138, 108]
[163, 128, 91, 125, 179, 181, 145, 116]
[161, 150, 120, 164, 161, 119, 115, 138]
[162, 146, 107, 102, 157, 123, 204, 127]
[127, 78, 244, 49, 184, 120, 125, 201]
[150, 236, 154, 84, 126, 79, 159, 140]
[126, 136, 128, 134, 190, 131, 158, 125]
[117, 142, 153, 172, 98, 134, 137, 175]
[101, 181, 185, 181, 174, 135, 92, 79]
[144, 174, 120, 4, 121, 187, 209, 169]
[112, 230, 135, 115, 153, 165, 196, 22]
[116, 84, 88, 174, 112, 221, 193, 140]
[110, 191, 71, 143, 172, 83, 178, 180]
[124, 132, 184, 76, 140, 104, 228, 140]
[81, 146, 120, 115, 198, 70, 254, 144]
[152, 202, 195, 122, 104, 181, 87, 85]
[175, 127, 153, 261, 119, 54, 136, 103]
[116, 69, 60, 128, 219, 232, 154, 150]
[121, 226, 134, 60, 131, 167, 122, 167]
[134, 171, 96, 130, 179, 128, 204, 86]
[108, 278, 77, 107, 131, 215, 129, 83]
[164, 167, 203, 80, 120, 126, 130, 138]
[104, 177, 147, 167, 84, 161, 118, 170]
[117, 155, 84, 242, 134, 138, 135, 123]
[118, 122, 175, 125, 122, 194, 133, 139]
[110, 80, 124, 121, 236, 204, 150, 103]
[73, 261, 164, 123, 143, 71, 164, 129]
[117, 112, 123, 129, 224, 103, 146, 174]
[203, 210, 151, 130, 143, 28, 151, 112]
[155, 100, 124, 239, 119, 101, 222, 68]
[148, 120, 152, 119, 155, 162, 74, 190]
[100, 123, 138, 160, 167, 197, 116, 119]
[150, 124, 137, 106, 222, 143, 134, 104]
[163, 132, 81, 128, 178, 176, 146, 116]
[157, 142, 120, 163, 175, 124, 104, 135]
[157, 153, 115, 102, 150, 132, 192, 119]
[135, 83, 248, 53, 181, 108, 121, 191]
[150, 228, 136, 84, 141, 89, 155, 137]
[133, 141, 128, 127, 186, 128, 155, 122]
[120, 133, 153, 178, 97, 131, 138, 170]
[101, 176, 189, 186, 170, 129, 91, 78]
[135, 172, 120, 4, 118, 195, 211, 165]
[108, 222, 135, 111, 158, 172, 192, 22]
[113, 85, 88, 172, 108, 215, 199, 140]
[106, 183, 75, 140, 169, 82, 186, 179]
[124, 130, 181, 75, 146, 100, 224, 140]
[77, 149, 121, 112, 203, 69, 260, 129]
[148, 197, 196, 118, 99, 176, 97, 89]
[181, 122, 148, 270, 109, 53, 138, 99]
[110, 70, 57, 128, 222, 230, 146, 157]
[124, 230, 129, 68, 125, 168, 116, 160]
[134, 174, 104, 119, 181, 124, 199, 85]
[109, 270, 75, 103, 133, 211, 139, 80]
[155, 159, 187, 80, 130, 135, 136, 138]
[102, 171, 154, 151, 84, 166, 119, 173]
[113, 154, 81, 234, 123, 136, 144, 135]
[115, 120, 170, 128, 122, 191, 136, 138]
[105, 80, 120, 125, 235, 202, 150, 103]
[88, 254, 167, 123, 139, 70, 162, 117]
[118, 113, 120, 124, 223, 100, 148, 174]
[204, 203, 143, 133, 135, 29, 158, 115]
[156, 96, 124, 239, 119, 105, 213, 68]
[144, 112, 155, 127, 163, 161, 63, 179]
[96, 124, 140, 147, 159, 184, 120, 134]
[139, 136, 135, 88, 223, 151, 134, 98]
[155, 136, 91, 121, 167, 167, 147, 120]
[169, 138, 112, 151, 159, 118, 121, 136]
[158, 134, 124, 98, 165, 127, 180, 118]
[124, 78, 248, 54, 188, 108, 124, 180]
[150, 224, 132, 88, 126, 81, 148, 155]
[113, 141, 121, 142, 195, 112, 157, 123]
[110, 141, 169, 169, 93, 116, 136, 170]
[97, 181, 190, 182, 160, 127, 93, 74]
[126, 171, 110, 4, 119, 190, 214, 170]
[103, 228, 133, 111, 156, 161, 189, 23]
[116, 81, 85, 166, 104, 214, 200, 138]
[108, 171, 71, 139, 174, 73, 190, 178]
[123, 125, 160, 81, 148, 112, 221, 134]
[77, 142, 124, 121, 190, 65, 247, 138]
[146, 185, 193, 120, 97, 174, 99, 90]
[186, 117, 158, 259, 122, 44, 130, 88]
[104, 77, 61, 120, 215, 238, 140, 149]
[114, 226, 127, 69, 126, 177, 108, 157]
[141, 174, 80, 120, 183, 131, 189, 86]
[114, 269, 77, 95, 124, 204, 136, 85]
[161, 156, 188, 80, 133, 114, 130, 142]
[88, 167, 147, 170, 84, 165, 115, 168]
[109, 163, 91, 236, 125, 125, 131, 124]
[119, 116, 155, 125, 114, 205, 138, 132]
[108, 76, 106, 130, 228, 199, 149, 108]
[75, 268, 156, 124, 138, 68, 157, 118]
[105, 108, 104, 133, 227, 102, 150, 175]
[208, 211, 141, 137, 127, 27, 153, 100]
[152, 96, 120, 241, 109, 111, 211, 64]
[148, 112, 151, 115, 159, 157, 79, 175]
[96, 132, 140, 147, 167, 184, 116, 114]
[135, 128, 131, 100, 223, 151, 130, 98]
[157, 146, 79, 120, 164, 179, 139, 112]
[161, 142, 116, 151, 163, 122, 105, 136]
[162, 135, 111, 98, 161, 131, 180, 118]
[124, 82, 248, 50, 184, 104, 124, 180]
[154, 228, 125, 83, 130, 85, 159, 132]
[121, 136, 125, 134, 183, 120, 154, 123]
[110, 125, 159, 173, 97, 116, 142, 174]
[100, 178, 186, 178, 164, 126, 93, 71]
[131, 171, 109, 4, 119, 188, 216, 158]
[111, 221, 129, 115, 148, 161, 188, 23]
[112, 81, 85, 170, 108, 210, 196, 134]
[108, 175, 71, 139, 174, 76, 178, 175]
[123, 129, 172, 77, 144, 100, 213, 138]
[81, 142, 120, 113, 196, 65, 249, 130]
[142, 178, 206, 116, 101, 178, 87, 88]
[174, 121, 154, 259, 113, 48, 131, 96]
[112, 70, 65, 124, 211, 230, 132, 152]
[109, 226, 130, 65, 126, 162, 113, 165]
[129, 170, 82, 120, 183, 127, 203, 82]
[110, 265, 81, 95, 132, 196, 136, 81]
[157, 156, 190, 80, 121, 126, 138, 128]
[91, 175, 145, 165, 76, 166, 114, 164]
[113, 151, 79, 236, 128, 134, 131, 124]
[115, 116, 155, 121, 118, 202, 142, 127]
[105, 80, 114, 121, 230, 191, 147, 108]
[71, 252, 152, 124, 138, 76, 161, 122]
[113, 112, 116, 124, 215, 98, 143, 175]
[204, 203, 145, 125, 130, 27, 154, 108]
[152, 100, 120, 237, 112, 103, 208, 64]
[105, 156, 144, 131, 172, 148, 68, 172]
[132, 153, 100, 156, 142, 136, 152, 125]
[112, 104, 173, 61, 214, 178, 140, 114]
[213, 127, 121, 116, 124, 165, 107, 123]
[134, 80, 91, 179, 167, 96, 227, 122]
[153, 110, 205, 104, 133, 115, 158, 118]
[101, 91, 219, 87, 109, 169, 142, 178]
[134, 168, 116, 62, 266, 64, 152, 134]
[121, 167, 64, 103, 62, 153, 139, 287]
[158, 106, 62, 172, 209, 101, 174, 114]
[187, 205, 130, 188, 176, 113, 43, 54]
[147, 155, 161, 4, 141, 164, 177, 147]
[192, 147, 159, 127, 169, 122, 156, 24]
[113, 155, 146, 139, 127, 125, 160, 131]
[62, 144, 89, 138, 210, 144, 151, 158]
[194, 108, 189, 74, 188, 72, 155, 116]
[117, 110, 130, 157, 96, 115, 172, 199]
[156, 74, 140, 130, 157, 208, 69, 162]
[193, 101, 169, 134, 160, 116, 127, 96]
[137, 85, 42, 98, 190, 248, 106, 190]
[168, 216, 65, 42, 149, 150, 154, 152]
[210, 137, 89, 162, 167, 68, 144, 119]
[139, 205, 151, 47, 110, 196, 131, 117]
[215, 79, 203, 116, 106, 135, 120, 122]
[93, 115, 108, 111, 147, 118, 168, 236]
[149, 139, 53, 171, 145, 105, 151, 183]
[103, 90, 207, 145, 120, 194, 107, 130]
[113, 83, 125, 124, 241, 114, 203, 93]
[80, 173, 91, 142, 139, 153, 191, 127]
[96, 159, 93, 100, 191, 115, 161, 181]
[191, 196, 125, 104, 117, 88, 129, 146]
[152, 145, 138, 209, 96, 120, 184, 52]
[104, 156, 140, 131, 176, 145, 68, 168]
[132, 145, 97, 146, 146, 140, 152, 130]
[107, 104, 174, 63, 210, 177, 136, 117]
[215, 128, 116, 116, 120, 166, 108, 119]
[136, 80, 92, 176, 169, 93, 220, 122]
[153, 104, 208, 100, 135, 112, 158, 118]
[102, 90, 211, 87, 116, 161, 143, 178]
[131, 167, 113, 63, 268, 65, 149, 132]
[125, 159, 64, 103, 59, 155, 142, 281]
[158, 107, 57, 166, 210, 101, 175, 114]
[187, 201, 130, 191, 175, 107, 43, 54]
[148, 157, 161, 4, 141, 160, 170, 147]
[201, 148, 157, 123, 170, 106, 156, 27]
[117, 137, 151, 140, 124, 122, 159, 138]
[65, 144, 93, 133, 205, 145, 145, 158]
[198, 104, 185, 74, 184, 75, 156, 112]
[121, 107, 130, 154, 102, 116, 164, 194]
[151, 75, 144, 125, 157, 207, 71, 158]
[190, 99, 171, 128, 161, 116, 127, 96]
[140, 78, 37, 101, 186, 250, 111, 185]
[172, 225, 63, 37, 138, 147, 152, 154]
[207, 134, 89, 164, 157, 71, 149, 117]
[144, 205, 149, 51, 112, 183, 132, 112]
[215, 80, 204, 108, 104, 131, 122, 124]
[97, 116, 109, 101, 149, 108, 172, 236]
[146, 134, 49, 176, 141, 106, 147, 189]
[108, 86, 206, 144, 123, 190, 100, 131]
[113, 87, 130, 117, 235, 114, 200, 92]
[80, 172, 91, 143, 132, 149, 194, 127]
[99, 153, 93, 100, 192, 115, 160, 176]
[189, 197, 125, 105, 116, 98, 120, 138]
[148, 143, 139, 206, 96, 120, 183, 53]
[112, 156, 144, 135, 164, 149, 68, 152]
[128, 148, 100, 148, 150, 144, 148, 114]
[103, 104, 174, 59, 210, 177, 140, 113]
[207, 128, 132, 112, 120, 166, 105, 110]
[134, 80, 90, 168, 173, 93, 224, 118]
[141, 108, 201, 108, 118, 120, 166, 118]
[102, 90, 211, 79, 104, 181, 143, 170]
[127, 163, 117, 58, 268, 61, 154, 132]
[117, 163, 60, 103, 59, 155, 136, 287]
[158, 107, 61, 166, 206, 97, 175, 110]
[183, 201, 126, 187, 175, 111, 39, 58]
[143, 153, 153, 4, 141, 168, 171, 147]
[194, 143, 153, 123, 162, 121, 156, 28]
[109, 136, 150, 144, 124, 127, 149, 141]
[66, 144, 77, 141, 205, 145, 148, 154]
[198, 100, 180, 67, 187, 74, 158, 116]
[121, 108, 135, 148, 101, 120, 156, 191]
[155, 75, 147, 121, 157, 204, 67, 154]
[178, 101, 171, 136, 164, 112, 127, 91]
[140, 78, 45, 97, 186, 246, 99, 189]
[152, 225, 63, 37, 138, 151, 156, 158]
[207, 138, 85, 164, 165, 63, 141, 117]
[136, 202, 149, 47, 112, 187, 128, 119]
[209, 79, 196, 112, 101, 137, 121, 125]
[95, 112, 109, 105, 145, 116, 170, 228]
[147, 137, 48, 172, 145, 106, 139, 186]
[108, 86, 198, 144, 123, 190, 99, 132]
[113, 80, 115, 128, 231, 114, 207, 92]
[77, 172, 91, 142, 136, 149, 186, 127]
[99, 153, 93, 100, 192, 115, 156, 172]
[185, 193, 125, 109, 116, 90, 125, 137]
[144, 147, 131, 206, 96, 120, 183, 53]
[132, 92, 156, 112, 164, 170, 58, 188]
[174, 138, 129, 126, 184, 120, 97, 104]
[83, 160, 173, 168, 93, 150, 128, 117]
[157, 116, 125, 156, 56, 168, 198, 96]
[118, 156, 128, 149, 160, 116, 105, 140]
[108, 116, 162, 142, 98, 136, 157, 153]
[184, 217, 102, 66, 80, 167, 90, 166]
[88, 136, 196, 218, 95, 124, 105, 110]
[97, 201, 144, 179, 85, 197, 119, 50]
[183, 129, 113, 149, 125, 73, 233, 67]
[106, 182, 122, 185, 159, 132, 70, 116]
[104, 168, 187, 30, 173, 189, 161, 60]
[188, 155, 146, 142, 150, 134, 143, 14]
[189, 99, 88, 119, 152, 128, 148, 149]
[125, 181, 66, 155, 96, 163, 153, 133]
[156, 105, 164, 66, 161, 101, 193, 126]
[148, 127, 70, 86, 169, 116, 218, 138]
[152, 147, 168, 117, 119, 132, 131, 106]
[152, 149, 150, 140, 171, 108, 136, 66]
[164, 139, 84, 178, 163, 119, 89, 136]
[80, 117, 96, 120, 107, 152, 239, 161]
[183, 146, 190, 47, 106, 110, 167, 123]
[194, 137, 62, 144, 140, 96, 147, 152]
[111, 104, 237, 115, 135, 147, 129, 94]
[80, 225, 69, 122, 224, 134, 118, 100]
[138, 156, 111, 169, 169, 59, 199, 71]
[148, 166, 69, 167, 124, 206, 83, 109]
[98, 92, 123, 171, 127, 148, 173, 140]
[143, 140, 150, 103, 109, 153, 137, 137]
[167, 141, 131, 153, 129, 84, 139, 128]
[144, 197, 122, 156, 102, 153, 80, 118]
[100, 158, 108, 179, 101, 164, 211, 51]
[112, 156, 140, 135, 168, 145, 68, 148]
[128, 149, 100, 140, 150, 148, 148, 109]
[104, 104, 171, 59, 208, 177, 136, 113]
[207, 126, 131, 112, 116, 166, 105, 109]
[131, 80, 91, 172, 165, 96, 220, 117]
[140, 105, 204, 104, 119, 115, 167, 118]
[103, 90, 206, 82, 106, 171, 145, 169]
[124, 164, 123, 57, 266, 60, 158, 120]
[122, 158, 60, 103, 63, 153, 139, 274]
[158, 103, 61, 166, 205, 97, 175, 107]
[183, 201, 125, 189, 174, 105, 39, 56]
[143, 150, 156, 4, 141, 160, 175, 143]
[198, 142, 156, 124, 160, 113, 151, 28]
[107, 140, 146, 142, 122, 131, 145, 139]
[66, 144, 76, 137, 204, 142, 149, 154]
[191, 105, 180, 67, 183, 73, 157, 116]
[123, 102, 128, 148, 101, 120, 156, 194]
[151, 75, 146, 116, 153, 208, 66, 157]
[177, 100, 175, 132, 158, 112, 127, 91]
[142, 79, 42, 97, 183, 243, 101, 185]
[153, 220, 65, 38, 140, 146, 155, 155]
[207, 136, 85, 166, 164, 62, 139, 113]
[139, 199, 149, 49, 113, 183, 128, 112]
[209, 79, 205, 106, 102, 128, 123, 120]
[96, 111, 112, 101, 145, 109, 168, 230]
[130, 141, 48, 173, 142, 107, 147, 184]
[107, 82, 204, 144, 119, 191, 95, 130]
[113, 84, 111, 125, 231, 114, 203, 91]
[75, 169, 93, 140, 131, 149, 184, 131]
[98, 153, 93, 101, 190, 116, 152, 169]
[185, 193, 125, 107, 116, 93, 119, 134]
[140, 144, 130, 206, 96, 120, 184, 52]
[128, 104, 148, 104, 164, 182, 54, 180]
[162, 138, 133, 126, 188, 140, 85, 92]
[93, 160, 156, 176, 91, 147, 124, 117]
[157, 124, 129, 148, 52, 172, 190, 92]
[110, 156, 136, 133, 164, 116, 109, 140]
[112, 124, 166, 150, 94, 140, 141, 137]
[172, 211, 106, 66, 88, 175, 82, 164]
[88, 130, 202, 222, 87, 124, 109, 102]
[94, 221, 136, 173, 78, 205, 107, 50]
[179, 125, 125, 148, 128, 69, 223, 67]
[103, 188, 122, 181, 153, 143, 58, 116]
[92, 152, 183, 30, 185, 197, 157, 68]
[201, 155, 138, 142, 142, 145, 131, 10]
[183, 94, 92, 115, 162, 142, 128, 148]
[126, 182, 68, 169, 96, 150, 141, 132]
[161, 98, 164, 63, 156, 103, 189, 130]
[140, 119, 73, 82, 169, 105, 225, 151]
[146, 147, 165, 124, 116, 130, 131, 105]
[148, 141, 146, 137, 182, 104, 140, 66]
[162, 143, 84, 182, 155, 119, 79, 140]
[76, 114, 100, 120, 103, 148, 231, 172]
[176, 135, 200, 47, 102, 95, 179, 130]
[171, 138, 63, 160, 136, 95, 152, 149]
[111, 104, 237, 110, 114, 163, 133, 92]
[76, 223, 78, 126, 203, 146, 116, 96]
[141, 148, 115, 167, 173, 60, 188, 72]
[144, 170, 65, 159, 124, 201, 92, 109]
[106, 80, 127, 172, 129, 147, 171, 132]
[143, 138, 149, 91, 115, 141, 149, 138]
[157, 144, 126, 153, 137, 87, 135, 125]
[140, 193, 130, 148, 106, 145, 84, 118]
[104, 143, 104, 182, 108, 154, 215, 54]
[128, 88, 140, 108, 160, 178, 58, 188]
[167, 130, 125, 125, 180, 124, 93, 104]
[73, 160, 161, 164, 89, 152, 133, 116]
[138, 112, 130, 152, 60, 175, 185, 96]
[106, 148, 126, 133, 164, 108, 115, 148]
[112, 116, 182, 134, 90, 136, 137, 141]
[168, 201, 110, 63, 80, 176, 98, 152]
[76, 130, 209, 227, 84, 125, 100, 97]
[91, 205, 135, 183, 86, 187, 112, 49]
[165, 125, 136, 153, 119, 63, 222, 65]
[99, 184, 128, 181, 150, 134, 56, 116]
[98, 155, 185, 29, 172, 193, 156, 60]
[180, 155, 153, 138, 133, 138, 134, 17]
[177, 90, 86, 114, 152, 134, 147, 148]
[123, 178, 62, 157, 97, 162, 148, 121]
[144, 97, 167, 64, 152, 106, 188, 130]
[140, 121, 70, 82, 167, 108, 218, 142]
[149, 143, 171, 108, 123, 131, 124, 99]
[140, 154, 142, 133, 174, 108, 137, 60]
[152, 141, 86, 170, 155, 125, 83, 136]
[80, 112, 97, 129, 101, 140, 227, 162]
[179, 134, 194, 42, 114, 91, 177, 117]
[170, 145, 73, 148, 127, 92, 148, 145]
[99, 105, 234, 111, 109, 155, 132, 103]
[76, 208, 66, 127, 205, 144, 118, 104]
[144, 152, 107, 161, 157, 50, 185, 92]
[156, 163, 57, 163, 131, 186, 85, 107]
[103, 76, 123, 178, 127, 141, 171, 129]
[144, 134, 142, 86, 117, 146, 150, 129]
[152, 143, 129, 150, 137, 87, 137, 113]
[131, 193, 126, 151, 107, 141, 84, 115]
[104, 139, 104, 176, 111, 150, 211, 53]
[132, 84, 148, 104, 156, 174, 58, 192]
[179, 126, 137, 125, 172, 120, 89, 100]
[85, 156, 163, 168, 85, 146, 129, 116]
[149, 112, 130, 140, 60, 176, 189, 92]
[102, 152, 134, 141, 156, 108, 111, 144]
[108, 116, 162, 138, 98, 128, 145, 153]
[168, 209, 106, 67, 84, 176, 90, 148]
[80, 141, 190, 199, 92, 125, 112, 109]
[82, 210, 135, 167, 94, 191, 112, 57]
[162, 137, 128, 137, 119, 74, 218, 73]
[99, 180, 132, 173, 154, 134, 56, 120]
[98, 163, 173, 29, 168, 182, 171, 64]
[184, 167, 133, 138, 140, 138, 138, 10]
[181, 83, 86, 120, 148, 133, 147, 150]
[123, 178, 69, 153, 97, 154, 144, 130]
[140, 101, 175, 64, 156, 94, 192, 126]
[132, 121, 57, 86, 175, 105, 218, 154]
[149, 155, 163, 114, 111, 134, 121, 101]
[148, 142, 142, 141, 166, 104, 141, 64]
[156, 135, 86, 174, 155, 131, 79, 132]
[76, 112, 101, 118, 108, 145, 223, 165]
[167, 142, 190, 46, 110, 91, 173, 129]
[186, 134, 61, 144, 132, 102, 144, 145]
[93, 106, 242, 121, 127, 147, 126, 86]
[80, 209, 62, 119, 221, 137, 110, 110]
[145, 139, 114, 176, 161, 53, 186, 74]
[136, 171, 65, 155, 128, 198, 92, 103]
[103, 80, 127, 174, 127, 145, 163, 129]
[144, 130, 146, 94, 117, 138, 145, 134]
[160, 140, 125, 146, 141, 79, 133, 124]
[143, 197, 126, 135, 107, 133, 88, 119]
[109, 131, 104, 179, 115, 142, 215, 53]
[122, 124, 152, 145, 104, 188, 48, 141]
[173, 156, 148, 70, 64, 136, 117, 160]
[88, 196, 167, 137, 97, 123, 92, 124]
[104, 187, 57, 138, 109, 124, 195, 110]
[88, 203, 79, 87, 144, 144, 159, 120]
[148, 159, 201, 103, 59, 101, 130, 123]
[156, 144, 91, 104, 163, 114, 168, 84]
[75, 96, 177, 97, 228, 140, 106, 105]
[165, 123, 52, 81, 66, 203, 124, 210]
[195, 64, 76, 60, 128, 209, 234, 58]
[123, 188, 157, 200, 129, 94, 57, 76]
[122, 137, 197, 6, 145, 219, 119, 79]
[191, 125, 104, 128, 166, 138, 117, 55]
[106, 149, 109, 113, 135, 116, 121, 175]
[123, 132, 98, 199, 100, 76, 174, 122]
[148, 118, 108, 92, 157, 90, 116, 195]
[123, 183, 117, 51, 75, 105, 137, 233]
[159, 88, 179, 111, 86, 143, 157, 101]
[132, 127, 143, 116, 130, 154, 109, 113]
[116, 147, 151, 130, 154, 109, 102, 115]
[69, 129, 145, 46, 60, 125, 255, 195]
[118, 100, 174, 56, 161, 71, 183, 161]
[138, 181, 84, 199, 122, 96, 156, 48]
[67, 122, 49, 132, 240, 119, 147, 148]
[64, 131, 209, 118, 150, 133, 103, 116]
[131, 155, 125, 231, 132, 32, 131, 87]
[165, 152, 139, 126, 123, 83, 119, 117]
[86, 83, 164, 86, 154, 104, 151, 196]
[210, 120, 138, 85, 136, 121, 132, 82]
[180, 158, 142, 97, 144, 64, 102, 137]
[126, 140, 144, 197, 87, 129, 120, 81]
[139, 160, 68, 155, 116, 181, 167, 38]
[124, 156, 100, 152, 128, 144, 80, 108]
[120, 104, 128, 156, 88, 140, 148, 108]
[120, 124, 113, 104, 145, 140, 140, 106]
[167, 88, 86, 119, 132, 136, 88, 176]
[155, 106, 100, 147, 104, 125, 117, 138]
[101, 165, 107, 124, 156, 92, 165, 82]
[83, 156, 140, 118, 118, 86, 95, 196]
[166, 133, 87, 70, 140, 115, 142, 139]
[143, 165, 51, 110, 89, 129, 85, 220]
[99, 90, 133, 153, 54, 149, 181, 133]
[101, 139, 138, 131, 143, 131, 120, 89]
[165, 133, 79, 28, 136, 155, 186, 110]
[135, 133, 165, 160, 121, 118, 128, 32]
[112, 100, 76, 185, 112, 142, 134, 131]
[104, 145, 87, 124, 181, 86, 117, 148]
[133, 118, 116, 75, 135, 85, 177, 153]
[133, 108, 131, 87, 115, 96, 163, 159]
[125, 151, 146, 114, 117, 90, 114, 135]
[143, 79, 152, 155, 90, 92, 142, 139]
[176, 44, 80, 121, 152, 147, 137, 135]
[121, 102, 113, 113, 101, 125, 156, 161]
[108, 161, 124, 84, 199, 111, 120, 85]
[91, 160, 166, 109, 178, 112, 81, 95]
[121, 163, 101, 93, 135, 72, 134, 173]
[110, 118, 106, 130, 97, 158, 118, 155]
[125, 127, 97, 130, 129, 122, 106, 156]
[118, 115, 150, 97, 126, 71, 150, 165]
[142, 68, 143, 109, 149, 141, 146, 94]
[110, 156, 124, 145, 124, 73, 121, 139]
[117, 89, 151, 108, 150, 79, 170, 128]
[95, 197, 155, 144, 141, 50, 128, 82]
[129, 140, 64, 199, 131, 82, 217, 30]
[108, 112, 152, 142, 104, 176, 52, 130]
[168, 153, 144, 63, 68, 125, 103, 152]
[80, 177, 174, 121, 93, 120, 103, 108]
[88, 206, 53, 127, 85, 122, 187, 108]
[80, 183, 86, 84, 132, 148, 147, 116]
[134, 143, 193, 120, 63, 100, 116, 107]
[149, 149, 83, 107, 141, 108, 167, 72]
[63, 85, 164, 75, 236, 144, 104, 105]
[153, 108, 55, 76, 57, 213, 105, 209]
[182, 44, 77, 48, 120, 215, 228, 62]
[111, 185, 154, 192, 109, 82, 70, 73]
[116, 125, 189, 5, 138, 214, 117, 72]
[195, 113, 106, 112, 157, 124, 112, 57]
[96, 145, 108, 112, 121, 117, 114, 163]
[116, 132, 93, 197, 98, 64, 156, 120]
[158, 111, 104, 93, 133, 75, 111, 191]
[132, 172, 115, 60, 64, 93, 137, 203]
[148, 83, 161, 116, 88, 144, 149, 87]
[123, 110, 134, 100, 130, 159, 98, 122]
[91, 163, 147, 123, 134, 106, 99, 113]
[86, 123, 126, 54, 64, 108, 232, 183]
[110, 86, 191, 38, 144, 72, 185, 150]
[118, 157, 91, 202, 127, 84, 149, 48]
[69, 96, 51, 133, 234, 127, 133, 133]
[60, 119, 188, 125, 145, 134, 95, 110]
[121, 138, 124, 226, 117, 27, 133, 90]
[148, 152, 131, 110, 111, 100, 112, 112]
[83, 83, 154, 78, 144, 102, 138, 194]
[201, 120, 136, 69, 130, 123, 119, 78]
[179, 141, 135, 107, 130, 60, 106, 118]
[108, 120, 133, 195, 90, 123, 116, 91]
[126, 161, 70, 143, 101, 179, 159, 37]
[108, 116, 152, 145, 104, 176, 48, 119]
[164, 161, 132, 60, 68, 120, 111, 152]
[84, 180, 171, 117, 97, 120, 91, 108]
[85, 194, 53, 123, 90, 128, 195, 100]
[80, 180, 89, 80, 132, 144, 151, 112]
[126, 135, 197, 120, 59, 112, 108, 111]
[137, 138, 79, 104, 157, 106, 167, 80]
[63, 89, 164, 83, 233, 135, 97, 104]
[151, 100, 55, 76, 57, 207, 101, 221]
[182, 40, 65, 56, 131, 206, 230, 58]
[119, 189, 153, 181, 107, 82, 64, 73]
[120, 126, 189, 5, 142, 210, 104, 72]
[191, 113, 98, 116, 157, 129, 107, 57]
[100, 142, 112, 113, 124, 104, 118, 155]
[118, 124, 95, 196, 98, 67, 156, 114]
[161, 116, 95, 97, 126, 79, 105, 189]
[136, 164, 121, 56, 64, 97, 129, 201]
[148, 80, 164, 111, 80, 147, 151, 87]
[127, 111, 134, 108, 135, 141, 98, 114]
[103, 159, 148, 119, 134, 106, 82, 117]
[78, 129, 132, 50, 56, 108, 238, 177]
[114, 94, 184, 47, 156, 66, 161, 146]
[118, 154, 95, 199, 131, 84, 147, 40]
[67, 112, 51, 127, 238, 111, 133, 129]
[56, 130, 191, 117, 131, 134, 99, 110]
[116, 135, 120, 237, 117, 28, 129, 86]
[156, 147, 129, 119, 107, 89, 115, 106]
[83, 87, 150, 83, 140, 93, 139, 193]
[205, 108, 137, 73, 129, 123, 119, 74]
[171, 141, 141, 101, 126, 60, 106, 122]
[116, 116, 131, 191, 84, 127, 116, 87]
[130, 161, 70, 136, 104, 179, 151, 37]
[120, 160, 100, 144, 112, 144, 80, 108]
[124, 100, 124, 152, 84, 128, 144, 112]
[112, 120, 113, 96, 149, 140, 132, 106]
[175, 76, 86, 119, 128, 136, 88, 160]
[155, 107, 91, 142, 104, 118, 112, 139]
[106, 157, 102, 124, 152, 89, 157, 81]
[76, 151, 143, 118, 104, 81, 99, 196]
[156, 132, 85, 69, 128, 115, 146, 137]
[128, 158, 54, 103, 95, 122, 82, 226]
[105, 84, 120, 149, 50, 151, 190, 119]
[96, 138, 138, 124, 150, 121, 113, 88]
[158, 133, 80, 26, 131, 150, 176, 114]
[133, 132, 155, 160, 121, 118, 116, 33]
[113, 98, 76, 176, 109, 137, 125, 134]
[104, 151, 91, 127, 178, 73, 113, 131]
[133, 116, 118, 74, 134, 69, 166, 158]
[135, 110, 131, 83, 111, 96, 161, 141]
[126, 137, 146, 111, 116, 89, 112, 131]
[139, 76, 152, 151, 99, 92, 133, 126]
[168, 45, 84, 109, 146, 144, 138, 134]
[121, 103, 107, 111, 103, 121, 151, 151]
[95, 145, 126, 91, 196, 112, 112, 91]
[91, 163, 171, 112, 152, 102, 81, 96]
[119, 161, 112, 95, 131, 65, 113, 172]
[111, 105, 102, 119, 99, 158, 116, 158]
[118, 121, 99, 126, 136, 112, 103, 153]
[126, 115, 144, 98, 123, 63, 133, 166]
[143, 70, 137, 113, 137, 129, 145, 94]
[108, 152, 120, 145, 129, 72, 112, 130]
[122, 90, 144, 104, 151, 78, 156, 123]
[95, 189, 150, 137, 140, 51, 132, 74]
[130, 140, 64, 193, 127, 80, 207, 27]
[120, 160, 100, 144, 116, 144, 80, 104]
[124, 100, 124, 148, 84, 136, 144, 108]
[112, 116, 117, 96, 149, 140, 132, 106]
[167, 76, 86, 119, 136, 136, 88, 160]
[151, 103, 91, 142, 108, 118, 112, 143]
[106, 161, 102, 124, 151, 90, 157, 77]
[72, 151, 143, 118, 104, 89, 95, 196]
[156, 132, 85, 69, 128, 115, 146, 137]
[132, 154, 54, 110, 95, 122, 82, 219]
[107, 84, 118, 149, 50, 151, 190, 119]
[96, 138, 138, 128, 150, 121, 109, 88]
[158, 133, 84, 26, 131, 150, 176, 110]
[133, 132, 155, 160, 121, 118, 116, 33]
[113, 98, 76, 176, 109, 137, 125, 134]
[100, 151, 91, 123, 178, 73, 113, 139]
[133, 120, 118, 74, 134, 69, 166, 154]
[135, 110, 125, 83, 111, 96, 161, 147]
[122, 135, 149, 111, 116, 93, 112, 130]
[143, 76, 148, 155, 95, 92, 133, 126]
[164, 45, 84, 105, 146, 144, 142, 138]
[121, 100, 107, 115, 103, 124, 147, 151]
[99, 145, 126, 91, 192, 116, 112, 87]
[91, 159, 167, 112, 156, 102, 81, 100]
[119, 161, 112, 93, 128, 69, 113, 173]
[112, 105, 102, 119, 99, 157, 116, 158]
[120, 121, 99, 126, 132, 112, 103, 155]
[122, 111, 144, 102, 123, 67, 133, 166]
[143, 70, 137, 109, 137, 133, 145, 94]
[109, 152, 124, 145, 125, 72, 112, 129]
[122, 92, 142, 104, 151, 78, 156, 123]
[99, 189, 146, 141, 140, 51, 128, 74]
[130, 136, 64, 193, 127, 84, 209, 25]
[124, 152, 100, 144, 108, 148, 80, 112]
[120, 100, 128, 156, 80, 132, 144, 108]
[116, 120, 109, 96, 153, 136, 136, 102]
[171, 84, 82, 119, 124, 132, 92, 164]
[155, 107, 91, 154, 100, 114, 108, 139]
[102, 153, 110, 124, 148, 93, 157, 81]
[76, 155, 143, 118, 108, 77, 103, 188]
[152, 136, 88, 69, 125, 115, 142, 141]
[124, 154, 66, 103, 91, 122, 86, 222]
[99, 82, 130, 149, 50, 143, 186, 129]
[96, 138, 142, 120, 150, 113, 121, 88]
[154, 133, 84, 26, 131, 146, 176, 118]
[129, 132, 151, 164, 117, 122, 120, 33]
[113, 94, 76, 180, 109, 137, 129, 130]
[104, 151, 87, 123, 178, 73, 117, 135]
[133, 116, 118, 74, 130, 73, 170, 154]
[135, 106, 125, 91, 111, 96, 161, 143]
[122, 143, 138, 115, 120, 89, 112, 129]
[139, 76, 148, 155, 99, 92, 133, 126]
[164, 45, 80, 101, 150, 152, 142, 134]
[125, 99, 111, 115, 99, 121, 147, 151]
[103, 149, 133, 87, 192, 105, 112, 87]
[103, 166, 167, 108, 152, 102, 77, 93]
[119, 161, 111, 93, 136, 69, 113, 166]
[103, 105, 110, 122, 100, 154, 112, 162]
[117, 121, 113, 126, 132, 106, 95, 158]
[122, 111, 144, 98, 123, 67, 133, 170]
[143, 70, 137, 109, 145, 133, 137, 94]
[101, 148, 132, 145, 129, 72, 112, 129]
[126, 86, 144, 96, 156, 78, 148, 134]
[96, 188, 146, 140, 141, 55, 128, 74]
[130, 136, 64, 193, 127, 80, 213, 25]
[111, 118, 136, 88, 136, 160, 74, 129]
[102, 125, 133, 98, 105, 114, 173, 102]
[155, 66, 120, 80, 226, 90, 113, 102]
[143, 192, 60, 104, 120, 84, 161, 88]
[197, 100, 134, 103, 147, 76, 71, 124]
[112, 119, 171, 107, 141, 100, 92, 110]
[61, 131, 299, 81, 56, 101, 119, 104]
[100, 134, 100, 88, 206, 173, 71, 80]
[62, 232, 25, 168, 79, 107, 139, 140]
[116, 79, 73, 168, 218, 70, 156, 72]
[173, 175, 91, 121, 135, 145, 36, 76]
[98, 107, 198, 10, 105, 157, 149, 128]
[178, 112, 96, 121, 200, 103, 114, 28]
[171, 129, 99, 104, 82, 131, 128, 108]
[110, 120, 134, 137, 121, 72, 155, 103]
[138, 125, 143, 88, 139, 61, 113, 145]
[97, 119, 129, 164, 79, 63, 224, 77]
[122, 93, 139, 97, 114, 117, 116, 154]
[94, 127, 119, 96, 156, 78, 121, 161]
[145, 119, 67, 134, 89, 181, 85, 132]
[147, 188, 78, 88, 62, 62, 171, 156]
[133, 74, 109, 168, 144, 105, 104, 115]
[83, 133, 208, 78, 89, 124, 101, 136]
[151, 167, 108, 127, 48, 116, 142, 93]
[53, 168, 83, 136, 81, 134, 59, 238]
[157, 88, 122, 115, 132, 136, 86, 116]
[99, 146, 124, 99, 166, 80, 153, 85]
[141, 113, 104, 112, 208, 88, 103, 83]
[75, 129, 94, 153, 158, 120, 143, 80]
[104, 135, 115, 115, 116, 110, 105, 152]
[130, 81, 114, 147, 73, 110, 144, 153]
[139, 141, 169, 107, 91, 108, 143, 54]
[115, 118, 136, 84, 132, 160, 74, 133]
[102, 129, 133, 98, 105, 114, 173, 98]
[157, 66, 118, 76, 224, 90, 115, 106]
[143, 188, 64, 104, 116, 84, 161, 92]
[190, 100, 134, 99, 147, 76, 82, 124]
[116, 131, 171, 103, 141, 96, 96, 98]
[61, 131, 291, 81, 64, 101, 119, 104]
[108, 134, 92, 92, 208, 171, 70, 77]
[61, 236, 25, 165, 79, 107, 139, 140]
[116, 79, 73, 171, 215, 70, 156, 72]
[185, 163, 91, 121, 135, 145, 36, 76]
[98, 107, 183, 14, 101, 160, 157, 132]
[178, 125, 103, 112, 200, 88, 118, 28]
[171, 134, 99, 101, 82, 129, 128, 108]
[116, 120, 134, 137, 125, 64, 157, 99]
[145, 121, 143, 92, 139, 58, 113, 141]
[97, 119, 129, 164, 79, 59, 228, 77]
[122, 109, 135, 91, 109, 117, 116, 153]
[102, 119, 118, 96, 152, 78, 122, 165]
[145, 115, 67, 134, 89, 185, 85, 132]
[151, 185, 78, 88, 65, 62, 171, 152]
[137, 74, 109, 161, 144, 113, 104, 110]
[90, 137, 196, 78, 92, 120, 101, 138]
[151, 169, 104, 127, 52, 114, 142, 93]
[52, 168, 83, 136, 81, 134, 66, 232]
[153, 92, 125, 119, 132, 132, 82, 117]
[99, 142, 131, 99, 163, 80, 153, 85]
[135, 105, 104, 112, 212, 98, 103, 83]
[79, 129, 94, 149, 158, 120, 143, 80]
[104, 134, 115, 115, 116, 110, 106, 152]
[130, 81, 114, 147, 73, 110, 144, 153]
[141, 145, 169, 107, 87, 108, 143, 52]
[111, 118, 132, 88, 128, 168, 70, 121]
[102, 126, 133, 93, 105, 110, 169, 98]
[148, 64, 112, 76, 222, 91, 117, 106]
[140, 184, 60, 103, 128, 84, 153, 84]
[198, 104, 130, 91, 147, 76, 78, 112]
[116, 123, 159, 99, 141, 100, 92, 106]
[55, 133, 287, 72, 56, 101, 128, 104]
[96, 141, 95, 88, 206, 175, 69, 66]
[57, 240, 26, 158, 81, 107, 138, 129]
[115, 69, 72, 161, 217, 72, 156, 74]
[168, 166, 83, 123, 135, 149, 36, 76]
[97, 107, 189, 12, 100, 158, 145, 128]
[174, 114, 97, 113, 200, 96, 114, 28]
[168, 123, 96, 107, 76, 131, 126, 109]
[110, 120, 133, 133, 123, 69, 150, 98]
[127, 128, 143, 82, 139, 60, 113, 144]
[98, 126, 130, 156, 71, 60, 219, 76]
[123, 99, 130, 98, 113, 108, 111, 154]
[95, 124, 114, 96, 148, 81, 126, 152]
[149, 110, 69, 137, 89, 174, 85, 123]
[148, 188, 77, 84, 62, 62, 161, 154]
[132, 73, 102, 163, 141, 109, 106, 110]
[84, 137, 199, 79, 82, 124, 100, 131]
[141, 166, 95, 133, 51, 112, 145, 93]
[52, 159, 84, 136, 83, 131, 57, 234]
[153, 89, 119, 105, 135, 132, 88, 115]
[103, 149, 114, 102, 161, 82, 136, 89]
[136, 109, 101, 112, 203, 89, 101, 85]
[75, 128, 95, 144, 155, 120, 139, 80]
[104, 133, 112, 116, 116, 111, 100, 144]
[121, 81, 114, 149, 74, 110, 143, 144]
[135, 141, 162, 107, 90, 107, 144, 50]
[111, 118, 136, 88, 128, 164, 70, 121]
[102, 126, 133, 93, 105, 110, 169, 98]
[148, 64, 112, 76, 222, 91, 117, 106]
[144, 184, 60, 103, 128, 84, 149, 84]
[194, 100, 134, 95, 147, 76, 78, 112]
[116, 123, 163, 99, 141, 96, 92, 106]
[55, 133, 287, 72, 56, 97, 132, 104]
[96, 141, 95, 88, 206, 175, 69, 66]
[61, 236, 26, 158, 81, 107, 138, 129]
[115, 69, 72, 160, 218, 72, 156, 74]
[168, 166, 83, 123, 135, 149, 36, 76]
[97, 107, 185, 12, 100, 158, 149, 128]
[174, 114, 97, 113, 200, 96, 114, 28]
[168, 123, 96, 107, 76, 131, 126, 109]
[114, 120, 133, 133, 123, 69, 146, 98]
[131, 124, 143, 82, 139, 60, 113, 144]
[98, 126, 130, 156, 71, 60, 219, 76]
[123, 99, 130, 98, 113, 108, 111, 154]
[95, 124, 118, 96, 148, 81, 122, 152]
[149, 114, 69, 137, 89, 174, 81, 123]
[148, 188, 77, 84, 62, 62, 161, 154]
[132, 73, 102, 163, 141, 109, 106, 110]
[84, 137, 199, 79, 82, 124, 100, 131]
[137, 170, 95, 134, 51, 111, 145, 93]
[52, 159, 84, 136, 83, 131, 57, 234]
[153, 93, 119, 106, 135, 132, 84, 114]
[103, 149, 114, 102, 161, 82, 136, 89]
[136, 109, 101, 112, 203, 89, 101, 85]
[75, 128, 95, 144, 159, 120, 135, 80]
[100, 141, 112, 116, 116, 111, 96, 144]
[121, 81, 117, 149, 74, 110, 143, 141]
[135, 141, 162, 107, 90, 107, 144, 50]
[92, 128, 105, 128, 100, 135, 112, 136]
[100, 108, 123, 122, 141, 112, 140, 90]
[140, 119, 92, 88, 201, 93, 132, 71]
[116, 88, 68, 109, 171, 117, 165, 102]
[116, 152, 93, 152, 118, 88, 83, 134]
[105, 113, 131, 93, 120, 96, 168, 110]
[82, 94, 200, 141, 121, 116, 85, 97]
[62, 108, 120, 147, 161, 68, 118, 152]
[90, 127, 71, 240, 52, 118, 96, 142]
[47, 129, 117, 67, 192, 100, 130, 154]
[152, 150, 76, 101, 146, 100, 84, 127]
[76, 169, 120, 9, 97, 156, 178, 131]
[128, 132, 102, 119, 164, 135, 129, 27]
[133, 120, 58, 174, 88, 116, 124, 123]
[110, 125, 102, 124, 124, 88, 143, 120]
[99, 112, 135, 101, 168, 64, 145, 112]
[92, 137, 75, 135, 158, 67, 192, 80]
[122, 103, 126, 103, 123, 150, 111, 98]
[129, 88, 121, 152, 164, 68, 106, 108]
[129, 44, 70, 124, 120, 193, 102, 154]
[165, 170, 111, 100, 85, 71, 123, 111]
[92, 74, 77, 127, 117, 132, 137, 180]
[140, 197, 118, 91, 100, 91, 73, 126]
[106, 201, 95, 70, 137, 46, 133, 148]
[61, 230, 139, 133, 58, 111, 112, 92]
[113, 97, 80, 190, 102, 143, 64, 147]
[108, 148, 166, 60, 163, 48, 144, 99]
[85, 106, 107, 94, 184, 125, 140, 95]
[115, 105, 120, 135, 138, 96, 146, 81]
[91, 126, 120, 80, 142, 97, 123, 157]
[118, 127, 133, 114, 102, 76, 128, 138]
[133, 144, 116, 163, 103, 84, 156, 37]
[124, 131, 100, 128, 100, 141, 84, 128]
[112, 154, 80, 106, 120, 136, 120, 108]
[114, 148, 109, 111, 115, 99, 144, 96]
[115, 153, 84, 100, 120, 140, 148, 76]
[114, 123, 119, 96, 167, 101, 120, 96]
[103, 116, 99, 126, 130, 126, 120, 116]
[136, 185, 83, 96, 75, 102, 126, 133]
[95, 115, 199, 42, 179, 80, 108, 118]
[250, 184, 67, 91, 123, 152, 61, 8]
[166, 117, 95, 129, 86, 131, 155, 57]
[84, 173, 51, 166, 141, 127, 96, 98]
[132, 130, 134, 4, 132, 172, 156, 76]
[116, 108, 143, 124, 168, 106, 150, 21]
[116, 92, 48, 118, 143, 149, 148, 122]
[109, 142, 97, 148, 69, 144, 94, 133]
[94, 83, 108, 44, 195, 97, 187, 128]
[85, 104, 77, 70, 129, 78, 144, 249]
[112, 154, 156, 106, 110, 93, 110, 95]
[102, 116, 142, 133, 119, 96, 128, 100]
[127, 103, 82, 103, 160, 132, 94, 135]
[75, 139, 120, 61, 85, 115, 192, 149]
[64, 136, 153, 86, 153, 84, 187, 73]
[69, 135, 144, 128, 133, 103, 117, 107]
[48, 112, 116, 111, 106, 139, 146, 158]
[95, 102, 164, 82, 128, 81, 117, 167]
[122, 147, 74, 123, 133, 77, 106, 154]
[108, 122, 137, 70, 121, 149, 105, 124]
[135, 62, 158, 73, 100, 106, 200, 102]
[129, 160, 99, 75, 114, 74, 141, 144]
[129, 95, 139, 117, 139, 72, 118, 127]
[128, 159, 151, 157, 106, 84, 104, 47]
[136, 107, 56, 181, 127, 99, 193, 37]
[124, 131, 100, 128, 100, 141, 84, 128]